Define CharList
 ( 'A', 'B', 'C', 'D', 'E', 'F', 'G', 'H', 'I', 'J', 'K', 'L', 'M', 'N', 'O', 'P',
   'Q', 'R', 'S', 'T', 'U', 'V', 'W', 'X', 'Y', 'Z', 'a', 'b', 'c', 'd', 'e', 'f',
   'g', 'h', 'i', 'j', 'k', 'l', 'm', 'n', 'o', 'p', 'q', 'r', 's', 't', 'u', 'v',
   'w', 'x', 'y', 'z', '0', '1', '2', '3', '4', '5', '6', '7', '8', '9', '~', '`',
   '!', '@', '#', '$', '%', '^', '&', '*', '(', ')', '-', '_', '=', '+', '[', '{',
   ']', '}', ';', ':',"'", '"', ',', '<', '.', '>', '/', '?');

Define WidthList
 (  10,  11,  12,  12,  11,  10,  12,  12,   5,   9,  12,   9,  14,  12,  12,  11,
    12,  11,  12,  10,  12,  10,  16,  11,  10,  11,  10,  10,  10,  10,   9,   7,
    10,   9,   5,   5,  10,   5,  15,  10,   9,  10,  10,   8,   8,   7,  10,   8,
    12,   8,   8,   9,  10,  10,  10,  10,  10,  10,  10,  10,  10,  10,  13,   8,
     5,  15,  12,  10,  12,  15,  10,   8,   5,   5,   5,   8,  13,  13,   5,   8,
     5,   8,   5,   5,   3,   5,   5,  13,   5,  13,   4,  10);

Define RectList
 ( (   0,  0, 14, 23), (  15,  0, 14, 23), (  30,  0, 15, 23), (  46,  0, 14, 23),
   (  61,  0, 13, 23), (  75,  0, 13, 23), (  89,  0, 15, 23), ( 105,  0, 15, 23),
   ( 121,  0,  7, 23), ( 129,  0, 12, 23), ( 142,  0, 15, 23), ( 158,  0, 12, 23),
   ( 171,  0, 16, 23), ( 188,  0, 14, 23), ( 203,  0, 15, 23), ( 219,  0, 14, 23),
   ( 234,  0, 15, 23), ( 250,  0, 15, 23), ( 266,  0, 15, 23), ( 282,  0, 13, 23),
   ( 296,  0, 15, 23), ( 312,  0, 14, 23), ( 327,  0, 19, 23), ( 347,  0, 15, 23),
   ( 363,  0, 13, 23), ( 377,  0, 14, 23), ( 392,  0, 13, 23), ( 406,  0, 13, 23),
   ( 420,  0, 13, 23), ( 434,  0, 13, 23), ( 448,  0, 12, 23), ( 461,  0, 11, 23),
   ( 473,  0, 12, 23), ( 486,  0, 11, 23), ( 498,  0,  8, 23), ( 507,  0,  8, 23),
   ( 516,  0, 13, 23), ( 530,  0,  9, 23), ( 540,  0, 19, 23), ( 560,  0, 12, 23),
   ( 573,  0, 12, 23), ( 586,  0, 13, 23), ( 600,  0, 14, 23), ( 615,  0, 12, 23),
   ( 628,  0, 11, 23), ( 640,  0, 11, 23), ( 652,  0, 14, 23), ( 667,  0, 12, 23),
   ( 680,  0, 16, 23), ( 697,  0, 12, 23), ( 710,  0, 12, 23), ( 723,  0, 12, 23),
   ( 736,  0, 13, 23), ( 750,  0, 10, 23), ( 761,  0, 12, 23), ( 774,  0, 13, 23),
   ( 788,  0, 14, 23), ( 803,  0, 13, 23), ( 817,  0, 13, 23), ( 831,  0, 12, 23),
   ( 844,  0, 13, 23), ( 858,  0, 13, 23), ( 872,  0, 13, 23), ( 886,  0,  8, 23),
   ( 895,  0,  8, 23), ( 904,  0, 18, 23), ( 923,  0, 15, 23), ( 939,  0, 13, 23),
   ( 953,  0, 15, 23), ( 969,  0, 13, 23), ( 983,  0, 13, 23), ( 997,  0,  9, 23),
   (1007,  0,  7, 23), (1015,  0,  7, 23), (1023,  0,  8, 23), (1032,  0, 12, 23),
   (1045,  0, 13, 23), (1059,  0, 14, 23), (1074,  0,  8, 23), (1083,  0, 10, 23),
   (1094,  0,  8, 23), (1103,  0, 10, 23), (1114,  0,  8, 23), (1123,  0,  8, 23),
   (1132,  0,  6, 23), (1139,  0,  9, 23), (1149,  0,  8, 23), (1158,  0, 13, 23),
   (1172,  0,  8, 23), (1181,  0, 13, 23), (1195,  0,  9, 23), (1205,  0, 12, 23));

Define OffsetList
 ( (-2, 0), (-1, 0), (-1, 0), (-1, 0), (-1, 0), (-1, 0), (-1, 0), (-1, 0),
   (-1, 0), (-2, 0), (-1, 0), (-1, 0), (-1, 0), (-1, 0), (-1, 0), (-2, 0),
   (-1, 0), (-1, 0), (-1, 0), (-2, 0), (-2, 0), (-2, 0), (-2, 0), (-2, 0),
   (-2, 0), (-2, 0), (-2, 0), (-2, 0), (-1, 0), (-1, 0), (-1, 0), (-2, 0),
   (-1, 0), (-1, 0), (-2, 0), (-2, 0), (-1, 0), (-2, 0), (-2, 0), (-1, 0),
   (-1, 0), (-2, 0), (-1, 0), (-2, 0), (-1, 0), (-2, 0), (-2, 0), (-2, 0),
   (-2, 0), (-2, 0), (-2, 0), (-2, 0), (-1, 0), ( 0, 0), (-1, 0), (-1, 0),
   (-2, 0), (-1, 0), (-1, 0), ( 0, 0), (-1, 0), (-1, 0), (-1, 0), ( 0, 0),
   (-1, 0), (-1, 0), (-2, 0), (-1, 0), (-1, 0), ( 1, 0), (-1, 0), (-1, 0),
   (-1, 0), (-1, 0), (-1, 0), (-2, 0), ( 0, 0), (-1, 0), (-2, 0), (-1, 0),
   (-2, 0), (-2, 0), (-1, 0), (-1, 0), (-1, 0), (-2, 0), (-1, 0), ( 0, 0),
   (-1, 0), ( 0, 0), (-2, 0), (-1, 0));

Define KerningPairs
 ("-T","-V","-X","-Y","AT","AV","AW","AX","AY","Av","BY","DY","F,","F.","F:","F;",
  "FA","Fa","Fr","Fu","GY","K-","KA","KC","KW","KY","LA","LT","LV","LY","La","OX",
  "OY","P,","P.","PA","Py","T,","T-","T.","T:","T;","TA","TC","Ta","Tc","Te","To",
  "Tr","Ts","Tu","Tw","Ty","V,","V-","V.","V:","V;","VA","Va","Ve","Vo","Vu","W,",
  "W.","WA","Wa","We","Wo","Wr","X-","XA","XC","XO","Y,","Y-","Y.","Y:","Y;","YA",
  "YC","Ya","Ye","Yo","Yu","f,","f.","r,","r.","v,","v.","w,","w.","y,","y.","LA",
  "LT","LV","LY","La");

Define KerningValues
 (  -1,  -1,  -1,  -1,  -1,  -1,  -1,   1,  -1,  -1,  -1,  -1,  -2,  -2,  -1,  -1,
    -1,  -1,  -1,  -1,  -1,  -1,   1,  -1,   1,   1,   1,  -1,  -1,  -2,   1,  -1,
    -1,  -3,  -3,  -1,   1,  -2,  -1,  -2,  -1,  -1,  -1,  -1,  -2,  -2,  -2,  -2,
    -2,  -2,  -2,  -2,  -1,  -2,  -1,  -2,  -1,  -1,  -1,  -1,  -1,  -1,  -1,  -1,
    -1,  -1,  -1,  -1,  -1,  -1,  -1,   1,  -1,  -1,  -2,  -1,  -2,  -1,  -1,  -1,
    -1,  -2,  -2,  -2,  -1,  -1,  -1,  -1,  -1,  -1,  -1,  -1,  -1,  -1,  -1,   1,
    -1,  -1,  -2,   1);

CreateLayer               Main;
LayerSetImage             Main 'StationFont';
LayerSetAscent            Main 15;
LayerSetCharWidths        Main CharList WidthList;
LayerSetCharWidths        Main (' ') (5);
LayerSetKerningPairs      Main KerningPairs KerningValues;
LayerSetImageMap          Main CharList RectList;
LayerSetCharOffsets       Main CharList OffsetList;
LayerSetAscentPadding     Main 0;
LayerSetLineSpacingOffset Main 0;
LayerSetPointSize         Main 11;

SetDefaultPointSize  11;
