Define CharList
 ( 'A', 'B', 'C', 'D', 'E', 'F', 'G', 'H', 'I', 'J', 'K', 'L', 'M', 'N', 'O', 'P',
   'Q', 'R', 'S', 'T', 'U', 'V', 'W', 'X', 'Y', 'Z', 'a', 'b', 'c', 'd', 'e', 'f',
   'g', 'h', 'i', 'j', 'k', 'l', 'm', 'n', 'o', 'p', 'q', 'r', 's', 't', 'u', 'v',
   'w', 'x', 'y', 'z', '0', '1', '2', '3', '4', '5', '6', '7', '8', '9', '~', '`',
   '!', '@', '#', '$', '%', '^', '&', '*', '(', ')', '-', '_', '=', '+', '[', '{',
   ']', '}', ';', ':',"'", '"', ',', '<', '.', '>', '/', '?');

Define WidthList
 (  12,  12,   9,  12,  10,   9,  12,  12,   5,   7,  11,   9,  14,  12,  12,  11,
    13,  12,   9,  10,  12,  10,  16,  10,   9,   9,  10,  10,   7,  10,   9,   6,
    10,  10,   5,   5,   9,   5,  14,  10,  10,  10,  10,   7,   7,   6,  10,   9,
    14,   8,   9,   7,  11,  11,  11,  11,  11,  11,  11,  11,  11,  11,  13,  10,
     6,  14,  11,  11,  20,  10,  12,  11,   8,   8,   5,  10,  11,  11,   8,   8,
     8,   8,   5,   5,   4,   8,   5,  10,   5,  10,   8,  10);

Define RectList
 ( (   0,  0, 12, 22), (  13,  0, 12, 22), (  26,  0,  9, 22), (  36,  0, 12, 22),
   (  49,  0,  9, 22), (  59,  0,  9, 22), (  69,  0, 12, 22), (  82,  0, 11, 22),
   (  94,  0,  4, 22), (  99,  0,  7, 22), ( 107,  0, 11, 22), ( 119,  0,  8, 22),
   ( 128,  0, 12, 22), ( 141,  0, 11, 22), ( 153,  0, 12, 22), ( 166,  0, 11, 22),
   ( 178,  0, 12, 22), ( 191,  0, 13, 22), ( 205,  0,  9, 22), ( 215,  0, 12, 22),
   ( 228,  0, 11, 22), ( 240,  0, 12, 22), ( 253,  0, 18, 22), ( 272,  0, 12, 22),
   ( 285,  0, 12, 22), ( 298,  0, 10, 22), ( 309,  0,  9, 22), ( 319,  0, 10, 22),
   ( 330,  0,  7, 22), ( 338,  0,  9, 22), ( 348,  0,  9, 22), ( 358,  0,  7, 22),
   ( 366,  0,  9, 22), ( 376,  0,  9, 22), ( 386,  0,  4, 22), ( 391,  0,  6, 22),
   ( 398,  0, 10, 22), ( 409,  0,  4, 22), ( 414,  0, 14, 22), ( 429,  0,  9, 22),
   ( 439,  0, 10, 22), ( 450,  0, 10, 22), ( 461,  0,  9, 22), ( 471,  0,  6, 22),
   ( 478,  0,  7, 22), ( 486,  0,  6, 22), ( 493,  0,  9, 22), ( 503,  0, 10, 22),
   ( 514,  0, 15, 22), ( 530,  0, 10, 22), ( 541,  0, 10, 22), ( 552,  0,  9, 22),
   ( 562,  0, 11, 22), ( 574,  0,  7, 22), ( 582,  0, 10, 22), ( 593,  0, 10, 22),
   ( 604,  0, 11, 22), ( 616,  0,  9, 22), ( 626,  0, 11, 22), ( 638,  0, 10, 22),
   ( 649,  0, 10, 22), ( 660,  0, 11, 22), ( 672,  0, 10, 22), ( 683,  0,  4, 22),
   ( 688,  0,  4, 22), ( 693,  0, 14, 22), ( 708,  0, 11, 22), ( 720,  0,  9, 22),
   ( 730,  0, 18, 22), ( 749,  0, 10, 22), ( 760,  0, 12, 22), ( 773,  0,  6, 22),
   ( 780,  0,  6, 22), ( 787,  0,  7, 22), ( 795,  0,  5, 22), ( 801,  0, 10, 22),
   ( 812,  0, 10, 22), ( 823,  0, 10, 22), ( 834,  0,  7, 22), ( 842,  0,  7, 22),
   ( 850,  0,  7, 22), ( 858,  0,  7, 22), ( 866,  0,  5, 22), ( 872,  0,  4, 22),
   ( 877,  0,  4, 22), ( 882,  0,  8, 22), ( 891,  0,  5, 22), ( 897,  0,  9, 22),
   ( 907,  0,  4, 22), ( 912,  0,  9, 22), ( 922,  0,  9, 22), ( 932,  0, 10, 22));

Define OffsetList
 ( ( 0, 0), ( 0, 0), ( 0, 0), ( 0, 0), ( 1, 0), ( 1, 0), ( 0, 0), ( 1, 0),
   ( 1, 0), ( 0, 0), ( 1, 0), ( 1, 0), ( 1, 0), ( 1, 0), ( 0, 0), ( 0, 0),
   ( 0, 0), ( 0, 0), ( 0, 0), (-1, 0), ( 0, 0), (-1, 0), (-1, 0), (-1, 0),
   (-1, 0), (-1, 0), ( 0, 0), ( 0, 0), ( 0, 0), ( 0, 0), ( 0, 0), ( 0, 0),
   ( 0, 0), ( 0, 0), ( 0, 0), (-1, 0), ( 0, 0), ( 0, 0), ( 0, 0), ( 0, 0),
   ( 0, 0), ( 0, 0), ( 0, 0), ( 0, 0), ( 0, 0), ( 0, 0), ( 0, 0), (-1, 0),
   (-1, 0), (-1, 0), (-1, 0), (-1, 0), ( 0, 0), ( 1, 0), ( 0, 0), ( 0, 0),
   ( 0, 0), ( 1, 0), ( 0, 0), ( 1, 0), ( 0, 0), ( 0, 0), ( 1, 0), ( 2, 0),
   ( 1, 0), ( 0, 0), ( 0, 0), ( 1, 0), ( 1, 0), ( 0, 0), ( 0, 0), ( 2, 0),
   ( 2, 0), ( 0, 0), ( 0, 0), ( 0, 0), ( 0, 0), ( 0, 0), ( 1, 0), ( 0, 0),
   ( 0, 0), ( 1, 0), (-1, 0), ( 0, 0), ( 0, 0), ( 0, 0), (-1, 0), ( 0, 0),
   ( 0, 0), ( 0, 0), (-1, 0), ( 0, 0));

Define KerningPairs
 (",1","-A",".1","01","1,","1.","10","11","12","13","14","15","16","17","18","19",
  "21","27","31","37","41","47","51","54","57","61","67","7,","7.","71","74","76",
  "7:","81","87","91","A-","F,","F.","L-","LT","LV","LY","P,","P.","T,","T.","TY",
  "Ta","Tc","Te","Tg","To","Tu","Ty","V.","Y,","Y.","YA","YT","Ya","Ye","Yg","Yo",
  "Yp","Yu","nT","oT","r.","rq","t:","t;","v:","w:","w;","y.");

Define KerningValues (  -1,   1,  -1,  -1,  -1,  -1,  -1,  -2,  -1,  -1,  -1,  -1,  -1,  -2,  -1,  -1,    -1,  -1,  -1,  -1,  -2,  -1,  -1,  -1,  -1,  -2,  -1,  -1,  -2,  -1,  -1,  -1,    -1,  -1,  -1,  -1,   1,  -1,  -1,   1,  -1,  -1,  -1,  -2,  -2,  -1,  -1,   1,    -1,  -1,  -1,  -1,  -1,  -1,   1,  -1,  -1,  -1,  -1,   1,  -1,  -1,  -1,  -1,    -1,  -1,  -1,  -1,  -1,  -1,   1,   1,   1,   1,   1,  -1);

CreateLayer               Main;
LayerSetImage             Main 'Normal';
LayerSetAscent            Main 17;
LayerSetCharWidths        Main CharList WidthList;
LayerSetCharWidths        Main (' ') (5);
LayerSetKerningPairs      Main KerningPairs KerningValues;
LayerSetImageMap          Main CharList RectList;
LayerSetCharOffsets       Main CharList OffsetList;
LayerSetAscentPadding     Main 0;
LayerSetLineSpacingOffset Main 0;
LayerSetPointSize         Main 14;

SetDefaultPointSize  14;
