Define CharList
 ( 'A', 'B', 'C', 'D', 'E', 'F', 'G', 'H', 'I', 'J', 'K', 'L', 'M', 'N', 'O', 'P',
   'Q', 'R', 'S', 'T', 'U', 'V', 'W', 'X', 'Y', 'Z', 'a', 'b', 'c', 'd', 'e', 'f',
   'g', 'h', 'i', 'j', 'k', 'l', 'm', 'n', 'o', 'p', 'q', 'r', 's', 't', 'u', 'v',
   'w', 'x', 'y', 'z', '0', '1', '2', '3', '4', '5', '6', '7', '8', '9', '!', '$',
   '%', '&', '*', '(', ')', '-', '[', ']', ':', "'", '"', ',', '.', '/', '?');

Define WidthList
 (  18,  18,  16,  19,  17,  16,  18,  20,  11,  15,  20,  16,  22,  19,  19,  18,
    19,  20,  17,  18,  19,  17,  23,  18,  18,  16,  18,  18,  16,  19,  17,  16,
    18,  20,  11,  15,  20,  16,  22,  19,  19,  18,  19,  20,  17,  18,  19,  17,
    23,  18,  18,  16,  17,  11,  15,  15,  16,  15,  16,  13,  16,  16,  11,  17,
    20,  22,  10,  11,  11,  11,  11,  11,  10,   8,  14,  10,  10,  12,  15);

Define RectList
 ( (   0,  0, 28, 33), (  29,  0, 28, 33), (  58,  0, 26, 33), (  85,  0, 28, 33),
   ( 114,  0, 26, 33), ( 141,  0, 26, 33), ( 168,  0, 28, 33), ( 197,  0, 30, 33),
   ( 228,  0, 20, 33), ( 249,  0, 26, 33), ( 276,  0, 31, 33), ( 308,  0, 26, 33),
   ( 335,  0, 32, 33), ( 368,  0, 29, 33), ( 398,  0, 29, 33), ( 428,  0, 28, 33),
   ( 457,  0, 30, 33), ( 488,  0, 30, 33), ( 519,  0, 25, 33), ( 545,  0, 27, 33),
   ( 573,  0, 29, 33), ( 603,  0, 28, 33), ( 632,  0, 34, 33), ( 667,  0, 28, 33),
   ( 696,  0, 28, 33), ( 725,  0, 26, 33), (   0,  0, 28, 33), (  29,  0, 28, 33),
   (  58,  0, 26, 33), (  85,  0, 28, 33), ( 114,  0, 26, 33), ( 141,  0, 26, 33),
   ( 168,  0, 28, 33), ( 197,  0, 30, 33), ( 228,  0, 20, 33), ( 249,  0, 26, 33),
   ( 276,  0, 31, 33), ( 308,  0, 26, 33), ( 335,  0, 32, 33), ( 368,  0, 29, 33),
   ( 398,  0, 29, 33), ( 428,  0, 28, 33), ( 457,  0, 30, 33), ( 488,  0, 30, 33),
   ( 519,  0, 25, 33), ( 545,  0, 27, 33), ( 573,  0, 29, 33), ( 603,  0, 28, 33),
   ( 632,  0, 34, 33), ( 667,  0, 28, 33), ( 696,  0, 28, 33), ( 725,  0, 26, 33),
   ( 752,  0, 27, 33), ( 780,  0, 20, 33), ( 801,  0, 25, 33), ( 827,  0, 25, 33),
   ( 853,  0, 26, 33), ( 880,  0, 24, 33), ( 905,  0, 26, 33), ( 932,  0, 23, 33),
   ( 956,  0, 26, 33), ( 983,  0, 26, 33), (1010,  0, 17, 33), (1028,  0, 25, 33),
   (1054,  0, 29, 33), (1084,  0, 30, 33), (1115,  0, 20, 33), (1136,  0, 19, 33),
   (1156,  0, 19, 33), (1176,  0, 21, 33), (1198,  0, 18, 33), (1217,  0, 19, 33),
   (1237,  0, 16, 33), (1254,  0, 16, 33), (1271,  0, 21, 33), (1293,  0, 16, 33),
   (1310,  0, 16, 33), (1327,  0, 22, 33), (1350,  0, 22, 33));

Define OffsetList
 ( (-5, 0), (-5, 0), (-5, 0), (-5, 0), (-5, 0), (-5, 0), (-5, 0), (-5, 0),
   (-5, 0), (-6, 0), (-5, 0), (-5, 0), (-5, 0), (-5, 0), (-5, 0), (-5, 0),
   (-5, 0), (-5, 0), (-4, 0), (-5, 0), (-5, 0), (-6, 0), (-6, 0), (-5, 0),
   (-5, 0), (-5, 0), (-5, 0), (-5, 0), (-5, 0), (-5, 0), (-5, 0), (-5, 0),
   (-5, 0), (-5, 0), (-5, 0), (-6, 0), (-5, 0), (-5, 0), (-5, 0), (-5, 0),
   (-5, 0), (-5, 0), (-5, 0), (-5, 0), (-4, 0), (-5, 0), (-5, 0), (-6, 0),
   (-6, 0), (-5, 0), (-5, 0), (-5, 0), (-5, 0), (-5, 0), (-5, 0), (-5, 0),
   (-5, 0), (-5, 0), (-5, 0), (-5, 0), (-5, 0), (-5, 0), (-3, 0), (-4, 0),
   (-4, 0), (-4, 0), (-5, 0), (-3, 0), (-4, 0), (-5, 0), (-3, 0), (-4, 0),
   (-3, 0), (-4, 0), (-4, 0), (-3, 0), (-3, 0), (-5, 0), (-4, 0));

Define KerningPairs
 ("-A","-T","-V","-W","-Y","A-","AC","AG","AO","AQ","AT","AU","AV","AW","AY","BY",
  "DA","DV","DW","DY","EY","F,","F-","F.","F:","FA","GY","JA","K-","KC","KG","KO",
  "KQ","L-","LT","LV","LW","LY","OA","OX","OY","P,","P.","P:","PA","RC","RG","RO",
  "RQ","RT","RV","RW","RY","SA","SY","T,","T-","T.","T:","TA","UA","V,","V-","V.",
  "V:","VA","W,","W-","W.","W:","WA","XO","XT","XY","Y,","Y-","Y.","Y:","YA","YC",
  "YG","YO","-a","-t","-v","-w","-y","a-","ac","ag","ao","aq","at","au","av","aw",
  "ay","by","da","dv","dw","dy","ey","f,","f-","f.","f:","fa","gy","ja","k-","kc",
  "kg","ko","kq","l-","lt","lv","lw","ly","oa","ox","oy","p,","p.","p:","pa","rc",
  "rg","ro","rq","rt","rv","rw","ry","sa","sy","t,","t-","t.","t:","ta","ua","v,",
  "v-","v.","v:","va","w,","w-","w.","w:","wa","xo","xt","xy","y,","y-","y.","y:",
  "ya","yc","yg","yo"
);

Define KerningValues
(  -2,  -1,  -1,  -1,  -3,  -2,  -1,  -1,  -1,  -1,  -2,  -1,  -2,  -2,  -2,  -1,
   -1,  -1,  -1,  -1,  -1,  -4,  -1,  -4,  -3,  -2,  -1,  -1,  -2,  -1,  -1,  -1,
   -1,  -1,  -3,  -3,  -3,  -3,  -1,  -1,  -1,  -5,  -5,  -1,  -3,  -1,  -1,  -1,
   -1,  -1,  -2,  -2,  -2,  -1,  -1,  -3,  -1,  -3,  -2,  -2,  -1,  -4,  -1,  -4,
   -3,  -2,  -4,  -1,  -4,  -3,  -2,  -1,  -1,  -1,  -3,  -3,  -3,  -3,  -2,  -1,
   -1,  -1,  -2,  -1,  -1,  -1,  -3,  -2,  -1,  -1,  -1,  -1,  -2,  -1,  -2,  -2,
   -2,  -1,  -1,  -1,  -1,  -1,  -1,  -4,  -1,  -4,  -3,  -2,  -1,  -1,  -2,  -1,
   -1,  -1,  -1,  -1,  -3,  -3,  -3,  -3,  -1,  -1,  -1,  -5,  -5,  -1,  -3,  -1,
   -1,  -1,  -1,  -1,  -2,  -2,  -2,  -1,  -1,  -3,  -1,  -3,  -2,  -2,  -1,  -4,
   -1,  -4,  -3,  -2,  -4,  -1,  -4,  -3,  -2,  -1,  -1,  -1,  -3,  -3,  -3,  -3,
   -2,  -1,   -1,  -1);

CreateLayer               Main;
LayerSetImage             Main 'RubberStampLET20';
LayerSetAscent            Main 25;
LayerSetCharWidths        Main CharList WidthList;
LayerSetCharWidths        Main (' ') (7);
LayerSetKerningPairs      Main KerningPairs KerningValues;
LayerSetImageMap          Main CharList RectList;
LayerSetCharOffsets       Main CharList OffsetList;
LayerSetAscentPadding     Main 0;
LayerSetLineSpacingOffset Main 0;
LayerSetPointSize         Main 20;

SetDefaultPointSize  20;
