Define CharList
 ( 'A', 'B', 'C', 'D', 'E', 'F', 'G', 'H', 'I', 'J', 'K', 'L', 'M', 'N', 'O', 'P',
   'Q', 'R', 'S', 'T', 'U', 'V', 'W', 'X', 'Y', 'Z', '0', '1', '2', '3', '4', '5',
   '6', '7', '8', '9', '!', '$', '%', '&', '*', '(', ')', '-', '[', ']', ':',"'",
   '"', ',', '.', '/', '?');

Define WidthList
 (  38,  38,  34,  39,  35,  32,  37,  42,  22,  31,  42,  33,  46,  39,  39,  37,
    39,  41,  35,  36,  39,  34,  47,  37,  37,  32,  35,  22,  31,  31,  34,  30,
    34,  27,  33,  34,  22,  35,  42,  45,  21,  23,  25,  23,  24,  25,  21,  17,
    28,  21,  21,  26,  30);

Define RectList
 ( (   0,  0, 52, 67), (  53,  0, 51, 67), ( 105,  0, 46, 67), ( 152,  0, 51, 67),
   ( 204,  0, 46, 67), ( 251,  0, 45, 67), ( 297,  0, 50, 67), ( 348,  0, 54, 67),
   ( 403,  0, 34, 67), ( 438,  0, 45, 67), ( 484,  0, 55, 67), ( 540,  0, 45, 67),
   ( 586,  0, 59, 67), ( 646,  0, 53, 67), ( 700,  0, 51, 67), ( 752,  0, 49, 67),
   ( 802,  0, 55, 67), ( 858,  0, 54, 67), ( 913,  0, 45, 67), ( 959,  0, 50, 67),
   (1010,  0, 52, 67), (1063,  0, 50, 67), (1114,  0, 63, 67), (1178,  0, 51, 67),
   (1230,  0, 51, 67), (1282,  0, 46, 67), (1329,  0, 47, 67), (1377,  0, 34, 67),
   (1412,  0, 43, 67), (1456,  0, 43, 67), (1500,  0, 46, 67), (1547,  0, 42, 67),
   (1590,  0, 45, 67), (1636,  0, 41, 67), (1678,  0, 45, 67), (1724,  0, 45, 67),
   (1770,  0, 26, 67), (1797,  0, 44, 67), (1842,  0, 52, 67), (1895,  0, 56, 67),
   (1952,  0, 33, 67), (1986,  0, 32, 67), (2019,  0, 31, 67), (2051,  0, 35, 67),
   (2087,  0, 30, 67), (2118,  0, 30, 67), (2149,  0, 26, 67), (2176,  0, 25, 67),
   (2202,  0, 36, 67), (2239,  0, 26, 67), (2266,  0, 26, 67), (2293,  0, 37, 67),
   (2331,  0, 39, 67));

Define OffsetList
 ( (-7, 0), (-6, 0), (-6, 0), (-6, 0), (-6, 0), (-6, 0), (-6, 0), (-6, 0),
   (-6, 0), (-8, 0), (-6, 0), (-6, 0), (-7, 0), (-7, 0), (-6, 0), (-6, 0),
   (-6, 0), (-6, 0), (-5, 0), (-7, 0), (-6, 0), (-8, 0), (-8, 0), (-7, 0),
   (-7, 0), (-7, 0), (-6, 0), (-6, 0), (-6, 0), (-6, 0), (-6, 0), (-6, 0),
   (-6, 0), (-7, 0), (-6, 0), (-6, 0), (-2, 0), (-4, 0), (-5, 0), (-5, 0),
   (-6, 0), (-3, 0), (-4, 0), (-6, 0), (-2, 0), (-3, 0), (-3, 0), (-4, 0),
   (-4, 0), (-2, 0), (-3, 0), (-6, 0), (-5, 0));

Define KerningPairs
 ("-A","-T","-V","-W","-Y","A-","AC","AG","AO","AQ","AT","AU","AV","AW","AY","BY",
  "DA","DV","DW","DY","EY","F,","F-","F.","F:","FA","GY","JA","K-","KC","KG","KO",
  "KQ","L-","LT","LV","LW","LY","OA","OX","OY","P,","P.","P:","PA","PY","RC","RG",
  "RO","RQ","RT","RV","RW","RY","SA","SY","T,","T-","T.","T:","TA","UA","V,","V-",
  "V.","V:","VA","W,","W-","W.","W:","WA","XO","XT","XY","Y,","Y-","Y.","Y:","YA",
  "YC","YG","YO");

Define KerningValues
 (  -3,  -3,  -3,  -3,  -6,  -3,  -2,  -2,  -2,  -2,  -4,  -2,  -3,  -3,  -4,  -1,
    -2,  -2,  -2,  -3,  -1,  -8,  -2,  -9,  -6,  -5,  -2,  -1,  -5,  -2,  -2,  -2,
    -2,  -2,  -6,  -6,  -6,  -6,  -2,  -1,  -2, -10, -10,  -1,  -5,  -1,  -2,  -2,
    -2,  -2,  -2,  -4,  -4,  -4,  -2,  -2,  -6,  -3,  -6,  -4,  -4,  -2,  -7,  -3,
    -7,  -6,  -4,  -7,  -2,  -7,  -6,  -5,  -1,  -1,  -2,  -7,  -6,  -7,  -7,  -4,
    -2,  -2,  -2);

CreateLayer               Main;
LayerSetImage             Main 'RubberStampLET42';
LayerSetAscent            Main 51;
LayerSetCharWidths        Main CharList WidthList;
LayerSetCharWidths        Main (' ') (14);
LayerSetKerningPairs      Main KerningPairs KerningValues;
LayerSetImageMap          Main CharList RectList;
LayerSetCharOffsets       Main CharList OffsetList;
LayerSetAscentPadding     Main 0;
LayerSetLineSpacingOffset Main 0;
LayerSetPointSize         Main 42;

SetDefaultPointSize  42;
